0 [72,11,133,53] 1.5106519999972
1 [46,27,97,39] 2.5106519999972
2 [123,82,138,55] 1.3562509999974
3 [117,52,160,64] 1.7315149999995
4 [119,121,118,47] 1.8455929999982
5 [75,34,114,45] 2.1052490000002
6 [89,73,131,52] 2.0441380000011
7 [74,85,145,58] 1.313978000002
8 [73,41,138,55] [59,56,181,73] 4.8251949999976
9 [94,56,164,66] 1.8522090000006
10 [72,74,190,76] 1.577448
11 [65,63,179,72] 3.1845880000001
12 [69,22,158,63] [69,22,158,63] 4.6167170000008
13 [81,133,135,54] 1.6877730000015
14 [108,12,110,44] 3.124409
15 [85,132,165,66] 2.1858040000006
16 [66,46,187,75] 2.5314509999989
17 [66,38,193,77] 2.8572170000007
18 [88,55,199,80] 1.6795779999993
19 [59,29,195,78] 1.3090420000008
20 [45,97,180,72] 2.0438890000005
21 [49,18,135,54] 1.9010119999984
22 [97,59,128,51] 1.9463950000027
23 [90,141,149,60] 1.7366870000005
24 [44,36,161,64] 2.012193999999
25 [56,51,155,62] [49,13,194,78] 5.2152979999992
26 [45,88,146,59] 1.7033999999985
27 [62,74,99,39] 1.8158670000012
28 [32,46,151,60] 1.6886689999992
29 [42,101,111,45] [51,23,155,62] 3.2883650000003
30 [80,24,121,49] 2.337610999999
31 [76,3,112,45] 2.2388570000003
32 [80,58,167,67] 2.1433350000007
33 [73,56,131,52] 2.3788480000003
34 [109,17,108,43] 2.0888410000007
35 [104,261,82,32] [88,36,157,63] 3.5035839999946
36 [75,44,134,53] 1.789592000001
37 [] 1.789592000001
38 [43,32,177,71] 2.6932459999989
39 [59,68,174,70] 2.3317439999992
40 [94,8,137,55] 1.1103809999986
41 [49,116,154,62] 1.3820640000013
42 [89,135,106,42] [90,22,141,57] 3.105276000002
43 [58,87,111,44] 1.5113359999996
44 [81,91,133,53] 2.4549100000004
45 [75,30,125,50] 5.6648380000006
46 [30,43,124,49] 1.8264640000016
47 [25,36,138,55] 1.740643000001
48 [23,16,161,64] 1.6712569999981
49 [47,31,181,72] 1.7368290000013
50 [73,26,175,70] 2.0072519999994
51 [102,87,170,68] 2.9581880000005
52 [75,153,114,45] 1.597689000002
53 [43,57,176,70] 1.4221749999997
54 [61,47,166,67] 1.2828609999997
55 [69,81,183,73] 1.0314920000019
56 [60,48,160,64] 2.2449280000001
57 [35,25,132,53] 1.8443909999987
58 [87,59,101,40] 2.0683989999998
59 [97,16,132,53] 3.077104
60 [39,25,105,42] 2.0064089999978
61 [64,122,175,70] 2.2043210000011
62 [58,31,164,66] 1.6902560000017
63 [57,91,175,70] 1.7303539999994
64 [42,87,125,50] 1.9594990000005
65 [60,34,126,50] 2.2559519999995
66 [62,62,128,51] [43,7,190,76] 7.1715820000027
67 [28,62,175,70] 1.7288590000026
68 [102,80,130,52] 1.5203910000018
69 [75,56,182,73] 2.564658000003
70 [62,21,120,48] 1.8227359999983
71 [75,105,140,56] 2.5916689999976
72 [94,115,169,68] 1.5615969999999
73 [44,67,162,65] 1.6892260000022
74 [81,67,177,71] 1.6385090000003
75 [] 1.6385090000003
76 [90,15,133,53] 1.7282500000001
77 [69,35,165,66] 2.0525700000035
78 [87,187,132,53] [85,17,128,51] 3.7498960000012
79 [82,174,134,54] [83,11,133,53] 4.0335149999992
80 [87,188,140,56] [84,15,132,53] 3.217356000001
81 [87,17,149,60] [95,145,190,76] 2.7448760000043
82 [140,28,96,38] [137,286,126,50] 4.3149660000017
83 [111,155,126,51] 1.7437050000008
84 [30,32,107,43] 1.5188349999989
85 [33,5,114,46] [35,82,179,72] 3.9853739999999
86 [66,32,96,38] [77,96,175,70] 5.3588449999988
87 [60,188,134,54] [68,12,135,54] 4.3093740000004
88 [100,185,116,46] [98,30,150,60] 3.9672340000034
89 [105,9,110,44] [110,137,188,75] [86,22,156,62] 9.3931680000023
90 [75,15,102,41] [76,133,167,67] 4.9542570000012
91 [84,12,114,46] [84,108,141,56] 4.0041440000023
92 [92,146,119,48] [96,9,172,69] 3.362130999998
93 [73,20,122,49] [65,94,195,78] 7.6197240000001
94 [93,184,113,45] [96,39,163,65] 3.5437649999985
95 [100,213,74,29] [93,32,193,77] 5.8109699999986
96 [82,145,125,50] [88,9,125,50] 6.5310520000021
97 [60,123,104,42] [64,13,127,51] 3.6144390000045
98 [89,166,105,42] [103,36,185,74] 3.9233859999949
99 [56,98,95,38] [58,180,118,47] [64,50,140,56] 4.4529239999829
100 [101,184,85,34] [86,42,124,50] 6.121971000015
101 [81,17,97,39] [83,146,120,48] 2.2991239999974
102 [88,182,124,50] 2.8048240000062
103 [56,183,83,33] [57,14,174,70] 4.2165229999955
104 [100,161,153,61] [98,19,140,56] 4.0514419999963
105 [118,221,115,46] [129,10,133,53] 6.3367719999951
106 [93,15,96,38] [112,114,153,61] 2.7131999999983
107 [75,143,109,44] [68,16,136,54] 3.2578050000011