0 [72,11,133,53] 0.48096980000046
1 [46,27,97,39] 0.48096980000046
2 [123,82,138,55] [48,221,120,48] 0.96193960000091
3 [56,95,102,41] [117,52,160,64] 0.96193960000091
4 [] 0
5 [75,34,114,45] [72,86,128,51] 0.96193960000091
6 [89,73,131,52] 0.48096980000046
7 [74,85,145,58] 0.4755962999996
8 [75,114,124,50] [73,41,138,55] [59,56,181,73] 1.4267888999988
9 [] 0
10 [40,128,113,45] [72,74,190,76] 0.95119259999919
11 [65,63,179,72] 0.4755962999996
12 [55,38,107,43] [69,22,158,63] 0.98597889999946
13 [18,114,66,26] [81,133,135,54] [96,26,112,45] 1.5311477999996
14 [108,12,110,44] [114,67,98,39] 1.0207651999997
15 [129,36,95,38] [69,118,122,49] [85,132,165,66] 1.3165987999993
16 [66,46,187,75] 0.29583359999961
17 [66,38,193,77] 0.29583359999961
18 [153,100,128,51] [88,55,199,80] 0.59166719999921
19 [106,25,157,63] 0.29583359999961
20 [46,248,66,26] [45,97,180,72] 0.59166719999921
21 [49,18,135,54] 0.29583359999961
22 [97,59,128,51] 0.25587949999972
23 [90,141,149,60] 0.25587949999972
24 [44,36,161,64] 0.25587949999972
25 [56,51,155,62] [49,13,194,78] 0.51175899999944
26 [45,88,146,59] 0.25587949999972
27 [62,74,99,39] 0.25587949999972
28 [32,46,151,60] 0.25587949999972
29 [42,101,111,45] [51,23,155,62] 0.51175899999944
30 [80,24,121,49] 0.38806519999998
31 [76,3,112,45] [69,40,161,64] 0.77613039999997
32 [43,163,57,23] [110,242,71,28] 0.77613039999997
33 [73,56,131,52] 0.38806519999998
34 [109,17,108,43] 0.38806519999998
35 [93,215,59,24] [104,261,82,32] [88,36,157,63] 1.0312764000009
36 [75,44,134,53] 0.32160560000048
37 [92,14,121,48] 0.32160560000048
38 [43,32,177,71] 0.32160560000048
39 [59,68,174,70] [4,7,173,69] 0.64321120000095
40 [23,125,53,21] [103,144,67,27] [94,8,137,55] 0.96481680000143
41 [49,116,154,62] [23,178,118,47] 0.94885019999929
42 [95,260,56,22] [6,149,64,26] [90,22,141,57] 1.4232752999989
43 [6,133,57,23] [58,87,111,44] 0.94885019999929
44 [81,91,133,53] 0.40590460000021
45 [75,30,125,50] 0.40590460000021
46 [30,43,124,49] 0.40590460000021
47 [25,36,138,55] 0.40590460000021
48 [109,18,51,20] [108,54,72,29] [23,16,161,64] 1.2177138000006
49 [127,172,72,29] [115,135,116,46] [47,31,181,72] 1.5021812000014
50 [73,26,175,70] 0.54813830000057
51 [32,124,198,79] 0.54813830000057
52 [75,153,114,45] 0.54813830000057
53 [87,12,115,46] [43,57,176,70] 1.0962766000011
54 [61,47,166,67] 0.38637559999988
55 [142,217,54,22] [122,12,115,46] [125,160,109,44] [69,81,183,73] 1.5455023999995
56 [60,48,160,64] 0.38637559999988
57 [35,25,132,53] 0.38637559999988
58 [87,59,101,40] 0.31304050000035
59 [97,16,132,53] 0.31304050000035
60 [39,25,105,42] 0.31304050000035
61 [64,122,175,70] 0.31304050000035
62 [58,31,164,66] 0.31304050000035
63 [57,91,175,70] [12,63,178,71] 0.6260810000007
64 [42,87,125,50] 0.31304050000035
65 [60,34,126,50] [24,96,105,42] 0.6260810000007
66 [62,62,128,51] [43,7,190,76] 0.68961019999988
67 [28,62,175,70] 0.34480509999994
68 [20,86,128,51] [24,54,106,42] [49,72,129,52] [102,80,130,52] 1.3792203999998
69 [75,56,182,73] 0.34480509999994
70 [62,21,120,48] 0.34480509999994
71 [75,105,140,56] 0.35359859999953
72 [82,17,112,45] [94,115,169,68] 0.70719719999906
73 [44,67,162,65] 0.35359859999953
74 [] 0
75
76 [90,15,133,53] 0.35359859999953
77 [69,35,165,66] 0.35359859999953
78 [129,12,55,22] [87,187,132,53] [85,17,128,51] 1.0271476999995
79 [82,174,134,54] [83,11,133,53] 0.63990100000083
80 [87,188,140,56] [84,15,132,53] [33,86,130,52] [77,99,161,64] 1.2798020000017
81 [87,17,149,60] [54,59,124,50] [95,145,190,76] 0.95985150000124
82 [140,28,96,38] [137,286,126,50] 0.54209139999875
83 [111,155,126,51] 0.27104569999938
84 [30,32,107,43] 0.27104569999938
85 [82,13,84,33] [33,5,114,46] [35,82,179,72] 0.81313709999813
86 [66,32,96,38] [77,96,175,70] 0.54209139999875
87 [60,188,134,54] [68,12,135,54] 0.52992660000018
88 [100,185,116,46] [98,30,150,60] 0.52992660000018
89 [105,9,110,44] [110,137,188,75] [86,22,156,62] 0.79488990000027
90 [75,15,102,41] [76,133,167,67] 0.52992660000018
91 [84,12,114,46] [84,108,141,56] [10,39,105,42] 1.3132265999993
92 [98,253,78,31] [92,146,119,48] [113,19,113,45] [72,74,137,55] [96,9,172,69] 2.1887109999989
93 [19,21,173,69] [65,94,195,78] 0.059035600000061
94 [52,148,101,41] [96,39,163,65] 0.059035600000061
95 [100,213,74,29] [93,32,193,77] 0.64922559999977
96 [82,145,125,50] [88,9,125,50] 0.64922559999977
97 [103,150,53,21] [60,123,104,42] [95,196,106,42] [64,13,127,51] 1.2984511999995
98 [89,166,105,42] [103,36,185,74] 0.64922559999977
99 [40,30,95,38] [56,98,95,38] [58,180,118,47] 1.7077302000012
100 [136,206,51,20] [101,184,85,34] [86,42,124,50] 1.7077302000012
101 [122,193,55,22] [81,17,97,39] [83,146,120,48] [13,212,104,42] 1.9353156000019
102 [88,182,124,50] [115,7,116,47] 0.91071480000101
103 [56,183,83,33] [57,14,174,70] 0.91071480000101
104 [100,161,153,61] [98,19,140,56] [101,86,141,56] [41,94,198,79] 1.7497425000016
105 [118,221,115,46] [129,10,133,53] 0.86292340000073
106 [10,153,55,22] 0.43146170000036
107 [75,143,109,44] [68,16,136,54] 1.45246178069031