0 [72,11,133,53] 0.51208333333367
1 [46,27,97,39] 0.50633333333341
2 [123,82,138,55] 0.50633333333341
3 [117,52,160,64] 0.50633333333341
4 [119,121,118,47] 0.50633333333341
5 [75,34,114,45] [72,86,128,51] 1.0126666666668
6 [89,73,131,52] 0.50633333333341
7 [74,85,145,58] 0.50633333333341
8 [75,114,124,50] [73,41,138,55] [59,56,181,73] 1.0755000000008
9 [94,56,164,66] 0.35850000000028
10 [72,74,190,76] 0.35850000000028
11 [65,63,179,72] 0.35850000000028
12 [55,38,107,43] [69,22,158,63] 0.71700000000055
13 [81,133,135,54] 0.35850000000028
14 [108,12,110,44] 0.81624999999985
15 [69,118,122,49] [85,132,165,66] 1.6324999999997
16 [66,46,187,75] 0.81624999999985
17 [66,38,193,77] 0.81624999999985
18 [88,55,199,80] 0.81624999999985
19 [59,29,195,78] 0.3721666666667
20 [45,97,180,72] 0.3721666666667
21 [49,18,135,54] 0.3721666666667
22 [97,59,128,51] 0.3721666666667
23 [90,141,149,60] 0.3721666666667
24 [44,36,161,64] 0.3721666666667
25 [56,51,155,62] [49,13,194,78] 0.74433333333339
26 [45,88,146,59] 0.3721666666667
27 [62,74,99,39] 0.3721666666667
28 [32,46,151,60] 0.3721666666667
29 [51,23,155,62] 0.71800000000015
30 [80,24,121,49] 0.71800000000015
31 [76,3,112,45] [69,40,161,64] 1.4360000000003
32 [80,58,167,67] 0.71800000000015
33 [73,56,131,52] 0.71800000000015
34 [109,17,108,43] 0.71800000000015
35 [104,261,82,32] [88,36,157,63] 0.87950000000031
36 [75,44,134,53] 0.43975000000016
37 [92,14,121,48] 0.43975000000016
38 [43,32,177,71] 0.43975000000016
39 [59,68,174,70] 0.43975000000016
40 [94,8,137,55] 0.43975000000016
41 [49,116,154,62] 0.81066666666629
42 [89,135,106,42] [90,22,141,57] 1.6213333333326
43 [58,87,111,44] 0.81066666666629
44 [81,91,133,53] 0.81066666666629
45 [75,30,125,50] 0.81066666666629
46 [30,43,124,49] 0.55447066666663
47 [25,36,138,55] 0.55447066666663
48 [23,16,161,64] 0.55447066666663
49 [47,31,181,72] 0.55447066666663
50 [73,26,175,70] 0.55447066666663
51 [102,87,170,68] 0.55447066666663
52 [75,153,114,45] 0.82653075
53 [43,57,176,70] 0.82653075
54 [61,47,166,67] 0.82653075
55 [69,81,183,73] 0.82653075
56 [60,48,160,64] 0.41235283333337
57 [35,25,132,53] 0.41235283333337
58 [87,59,101,40] 0.41235283333337
59 [97,16,132,53] 0.41235283333337
60 [39,25,105,42] 0.41235283333337
61 [64,122,175,70] 0.41235283333337
62 [58,31,164,66] 0.41235283333337
63 [57,91,175,70] 0.41235283333337
64 [42,87,125,50] 0.41235283333337
65 [60,34,126,50] 0.41235283333337
66 [62,62,128,51] [43,7,190,76] 1.2970999999999
67 [28,62,175,70] 0.64854999999996
68 [102,80,130,52] 0.64854999999996
69 [75,56,182,73] 0.64854999999996
70 [] 0.64854999999996
71 [] 0.64854999999996
72 [94,115,169,68] 0.74713108333329
73 [44,67,162,65] 0.74713108333329
74 [81,67,177,71] 0.74713108333329
75 [] 0.74713108333329
76 [] 0.74713108333329
77 [69,35,165,66] 0.74713108333329
78 [87,187,132,53] [85,17,128,51] 1.4942621666666
79 [82,174,134,54] [83,11,133,53] 1.4942621666666
80 [87,188,140,56] [84,15,132,53] 1.5315681666666
81 [87,17,149,60] [95,145,190,76] 1.5688741666666
82 [140,28,96,38] [137,286,126,50] 1.5688741666666
83 [111,155,126,51] 0.78443708333331
84 [30,32,107,43] 0.78443708333331
85 [33,5,114,46] [35,82,179,72] 1.0517106666666
86 [66,32,96,38] [77,96,175,70] 1.0517106666666
87 [60,188,134,54] [68,12,135,54] 1.0517106666666
88 [100,185,116,46] [98,30,150,60] 1.0517106666666
89 [105,9,110,44] [110,137,188,75] [86,22,156,62] 1.5775659999999
90 [75,15,102,41] [76,133,167,67] 0.98119850000012
91 [84,12,114,46] [84,108,141,56] 0.98119850000012
92 [92,146,119,48] [96,9,172,69] 0.98119850000012
93 [73,20,122,49] [65,94,195,78] 1.0867709999999
94 [93,184,113,45] [96,39,163,65] 1.0867709999999
95 [100,213,74,29] [93,32,193,77] 1.0867709999999
96 [82,145,125,50] [88,9,125,50] 0.99928583333334
97 [60,123,104,42] [64,13,127,51] 0.99928583333334
98 [89,166,105,42] [103,36,185,74] 0.99928583333334
99 [56,98,95,38] [58,180,118,47] [64,50,140,56] 1.5249787500001
100 [101,184,85,34] [86,42,124,50] 1.0253358333334
101 [81,17,97,39] [83,146,120,48] 1.0253358333334
102 [88,182,124,50] 0.51266791666671
103 [56,183,83,33] [57,14,174,70] 1.0077465000001
104 [100,161,153,61] [98,19,140,56] 1.0077465000001
105 [118,221,115,46] [129,10,133,53] 1.0077465000001
106 [93,15,96,38] [112,114,153,61] 1.0241666666673
107 [75,143,109,44] [68,16,136,54] 1.0241666666673