0 [72,11,133,53] 1.2546736459841
1 [46,27,97,39] 2.5536834999984
2 [123,82,138,55] 1.0954535000001
3 [117,52,160,64] 1.4407780000001
4 [119,121,118,47] 1.2303864999994
5 [75,34,114,45] 1.2303864999994
6 [89,73,131,52] 1.4670470000001
7 [74,85,145,58] 1.1967949999998
8 [73,41,138,55] [59,56,181,73] 3.067841
9 [94,56,164,66] 1.6129645000001
10 [72,74,190,76] 1.6572285000002
11 [65,63,179,72] 2.0893779999988
12 [55,38,107,43] [69,22,158,63] 3.2863114999982
13 [81,133,135,54] 1.9348554999997
14 [108,12,110,44] 1.1409650000005
15 [85,132,165,66] 2.8915574999992
16 [66,46,187,75] 2.8915574999992
17 [66,38,193,77] 2.0563244999994
18 [88,55,199,80] 1.5007879999994
19 [59,29,195,78] 1.4130195000016
20 [45,97,180,72] 1.3112230000006
21 [49,18,135,54] 1.3112230000006
22 [97,59,128,51] 1.1912589999993
23 [90,141,149,60] 1.1912589999993
24 [44,36,161,64] 1.1634810000032
25 [56,51,155,62] [49,13,194,78] 2.5370330000078
26 [45,88,146,59] 1.3735520000046
27 [] 1.3735520000046
28 [] 1.3735520000046
29 [51,23,155,62] 1.6454139999987
30 [80,24,121,49] 2.0942074999984
31 [76,3,112,45] 2.7417525000055
32 [80,58,167,67] 1.4162845000028
33 [73,56,131,52] 1.4162845000028
34 [109,17,108,43] 2.2172479999936
35 [104,261,82,32] [88,36,157,63] 2.1357509999943
36 [75,44,134,53] 1.3228710000039
37 [92,14,121,48] 1.3228710000039
38 [43,32,177,71] 1.1658844999984
39 [59,68,174,70] 1.1658844999984
40 [94,8,137,55] 1.340744000001
41 [49,116,154,62] 0.93807699999888
42 [89,135,106,42] [90,22,141,57] 2.1488019999961
43 [58,87,111,44] 2.7440449999995
44 [81,91,133,53] 1.3037824999992
45 [75,30,125,50] 1.3037824999992
46 [30,43,124,49] 2.1025234999979
47 [25,36,138,55] 2.1025234999979
48 [23,16,161,64] 1.4128920000003
49 [47,31,181,72] 1.1850459999987
50 [73,26,175,70] 0.88295449999714
51 [102,87,170,68] 0.88295449999714
52 [75,153,114,45] 1.4183479999992
53 [43,57,176,70] 1.5511960000003
54 [61,47,166,67] 1.275553499996
55 [69,81,183,73] 1.1180999999997
56 [60,48,160,64] 1.2774244999964
57 [35,25,132,53] 1.2774244999964
58 [87,59,101,40] 1.1799010000032
59 [97,16,132,53] 1.1799010000032
60 [39,25,105,42] 1.1502669999973
61 [64,122,175,70] 1.1502669999973
62 [58,31,164,66] 1.0250615000041
63 [57,91,175,70] 1.0250615000041
64 [42,87,125,50] 1.484719
65 [60,34,126,50] 1.2739220000003
66 [62,62,128,51] [43,7,190,76] 2.7616064999966
67 [28,62,175,70] 1.2440449999995
68 [102,80,130,52] 1.0423344999945
69 [75,56,182,73] 1.2766540000011
70 [62,21,120,48] 1.2766540000011
71 [75,105,140,56] 2.441773999999
72 [94,115,169,68] 1.2892329999959
73 [44,67,162,65] 1.1507774999991
74 [81,67,177,71] 1.1507774999991
75 [] 1.1507774999991
76 [90,15,133,53] 1.1411034999983
77 [69,35,165,66] 1.1411034999983
78 [87,187,132,53] [85,17,128,51] 2.9777665000001
79 [82,174,134,54] [83,11,133,53] 2.5640989999956
80 [87,188,140,56] [84,15,132,53] 2.1659244999901
81 [87,17,149,60] [95,145,190,76] 3.0178865000053
82 [140,28,96,38] [137,286,126,50] 3.1530009999988
83 [111,155,126,51] 1.2711794999996
84 [30,32,107,43] 1.2774864999956
85 [33,5,114,46] [35,82,179,72] 2.273583000002
86 [66,32,96,38] [77,96,175,70] 2.3114539999951
87 [60,188,134,54] [68,12,135,54] 2.4549645000006
88 [100,185,116,46] [98,30,150,60] 3.1153895000025
89 [105,9,110,44] [110,137,188,75] [86,22,156,62] 3.2951784999968
90 [75,15,102,41] [76,133,167,67] 1.8843190000043
91 [84,12,114,46] [84,108,141,56] 1.9652549999882
92 [92,146,119,48] [113,19,113,45] [96,9,172,69] 3.2653045000043
93 [73,20,122,49] [99,171,116,46] [65,94,195,78] 3.1560304999875
94 [93,184,113,45] [96,39,163,65] 2.0808575000046
95 [100,213,74,29] [93,32,193,77] 3.4221879999968
96 [82,145,125,50] [88,9,125,50] 2.5455819999916
97 [60,123,104,42] [64,13,127,51] 2.6024880000041
98 [89,166,105,42] [103,36,185,74] [105,132,180,72] 4.3857624999946
99 [56,98,95,38] [58,180,118,47] [64,50,140,56] 3.8366654999991
100 [101,184,85,34] [86,42,124,50] 2.7257409999947
101 [81,17,97,39] [83,146,120,48] 2.2798895000014
102 [88,182,124,50] [115,7,116,47] 3.8074009999982
103 [56,183,83,33] [57,14,174,70] 3.1635315000021
104 [100,161,153,61] [98,19,140,56] 2.7195095000061
105 [118,221,115,46] [129,10,133,53] 3.0706619999983
106 [93,15,96,38] [112,114,153,61] 2.3587665000014
107 [75,143,109,44] [68,16,136,54] 2.5087845000016