0 [72,11,133,53] 0.73900000000003
1 [46,27,97,39] 0.73900000000003
2 [123,82,138,55] 0.75450000000001
3 [117,52,160,64] 0.75450000000001
4 [119,121,118,47] 0.77049999999997
5 [75,34,114,45] 0.77049999999997
6 [89,73,131,52] 0.77049999999997
7 [74,85,145,58] 0.82024999999999
8 [73,41,138,55] [59,56,181,73] 1.931
9 [94,56,164,66] 1.1107500000001
10 [72,74,190,76] 1.1107500000001
11 [65,63,179,72] 1.0892500000001
12 [55,38,107,43] [69,22,158,63] 2.1785000000002
13 [81,133,135,54] 1.3299999999999
14 [] 1.1474999999999
15 [85,132,165,66] 1.1474999999999
16 [66,46,187,75] 1.1474999999999
17 [66,38,193,77] 1.1474999999999
18 [88,55,199,80] 1.2162500000001
19 [59,29,195,78] 1.2162500000001
20 [45,97,180,72] 0.97850000000005
21 [49,18,135,54] 0.97850000000005
22 [97,59,128,51] 0.97850000000005
23 [90,141,149,60] 0.97850000000005
24 [44,36,161,64] 0.73129525000013
25 [56,51,155,62] [49,13,194,78] 1.4625905000003
26 [45,88,146,59] 0.73129525000013
27 [62,74,99,39] 0.80930175000003
28 [32,46,151,60] 0.80930175000003
29 [51,23,155,62] 0.80930175000003
30 [80,24,121,49] 0.68413150000015
31 [76,3,112,45] 0.68413150000015
32 [80,58,167,67] 0.93179574999999
33 [73,56,131,52] 0.93179574999999
34 [109,17,108,43] 0.73917950000009
35 [104,261,82,32] [88,36,157,63] 1.4783590000002
36 [75,44,134,53] 0.68190649999997
37 [92,14,121,48] 0.68190649999997
38 [43,32,177,71] 0.68190649999997
39 [59,68,174,70] 0.68190649999997
40 [94,8,137,55] 0.87820424999995
41 [49,116,154,62] 0.92236774999992
42 [89,135,106,42] [90,22,141,57] 2.0599950000001
43 [58,87,111,44] 0.90278549999994
44 [81,91,133,53] 0.57373250000001
45 [75,30,125,50] 0.57373250000001
46 [30,43,124,49] 0.57373250000001
47 [25,36,138,55] 0.57373250000001
48 [23,16,161,64] 0.8745677500001
49 [47,31,181,72] 1.08036225
50 [73,26,175,70] 0.79736524999998
51 [102,87,170,68] 0.79736524999998
52 [75,153,114,45] 0.79736524999998
53 [43,57,176,70] 1.2347957500001
54 [61,47,166,67] 0.89003750000006
55 [69,81,183,73] 0.83335975
56 [60,48,160,64] 0.83335975
57 [35,25,132,53] 0.83335975
58 [87,59,101,40] 0.58784600000013
59 [97,16,132,53] 0.58784600000013
60 [39,25,105,42] 0.58784600000013
61 [64,122,175,70] 0.58784600000013
62 [58,31,164,66] 0.83307050000008
63 [57,91,175,70] 0.83307050000008
64 [42,87,125,50] 0.83307050000008
65 [60,34,126,50] 0.87285350000002
66 [62,62,128,51] [43,7,190,76] 1.6550339999999
67 [28,62,175,70] 0.78218049999987
68 [102,80,130,52] 0.79172874999995
69 [75,56,182,73] 0.79172874999995
70 [62,21,120,48] 0.79172874999995
71 [75,105,140,56] 0.7530435000001
72 [94,115,169,68] 0.7530435000001
73 [44,67,162,65] 0.55812100000003
74 [81,67,177,71] 0.55812100000003
75 [] 0.55812100000003
76 [90,15,133,53] 0.55812100000003
77 [69,35,165,66] 0.55812100000003
78 [87,187,132,53] [85,17,128,51] 1.7038575000001
79 [82,174,134,54] [83,11,133,53] 1.578579
80 [87,188,140,56] [84,15,132,53] 1.4533004999998
81 [87,17,149,60] [95,145,190,76] 1.9694930000001
82 [140,28,96,38] [137,286,126,50] 1.5976919999998
83 [111,155,126,51] 0.79884599999991
84 [30,32,107,43] 0.70005149999997
85 [33,5,114,46] [35,82,179,72] 1.4001029999999
86 [66,32,96,38] [77,96,175,70] 1.1425425000002
87 [60,188,134,54] [68,12,135,54] 1.00028075
88 [100,185,116,46] [98,30,150,60] 0.85801899999979
89 [105,9,110,44] [110,137,188,75] [86,22,156,62] 1.9827294999998
90 [75,15,102,41] [76,133,167,67] 1.5537199999999
91 [84,12,114,46] [84,108,141,56] 0.97108350000008
92 [92,146,119,48] [96,9,172,69] 1.8413827499999
93 [73,20,122,49] [65,94,195,78] 1.71315
94 [93,184,113,45] [96,39,163,65] 1.5402239999999
95 [100,213,74,29] [93,32,193,77] 1.4178999999999
96 [82,145,125,50] [88,9,125,50] 1.4178999999999
97 [60,123,104,42] [64,13,127,51] 1.6666555000002
98 [89,166,105,42] [103,36,185,74] 1.5332535000002
99 [56,98,95,38] [58,180,118,47] [64,50,140,56] 1.8318877499996
100 [101,184,85,34] [86,42,124,50] 1.5057634999998
101 [81,17,97,39] [83,146,120,48] 1.4356070000003
102 [88,182,124,50] 0.80388300000004
103 [56,183,83,33] [57,14,174,70] 1.53201775
104 [100,161,153,61] [98,19,140,56] 1.4562695
105 [118,221,115,46] [129,10,133,53] 1.7683230000002
106 [93,15,96,38] [112,114,153,61] 1.632885
107 [75,143,109,44] [17,7,172,69] 1.632885