0 [72,11,133,53] 0.68836983333313
1 [] 0.68836983333313
2 [132,266,55,22] [48,221,120,48] 1.3767396666663
3 [117,52,160,64] 1.1661781666668
4 [119,121,118,47] 1.1661781666668
5 [72,86,128,51] 1.1661781666668
6 [89,73,131,52] 1.1661781666668
7 [74,85,145,58] 1.6056039999997
8 [73,41,138,55] 1.6056039999997
9 [94,56,164,66] 1.6056039999997
10 [] 1.6056039999997
11 [] 2.0652536666663
12 [29,62,122,49] 2.0652536666663
13 [81,133,135,54] [45,9,128,51] 1.9790413333333
14 [114,67,98,39] 0.98952066666667
15 [85,132,165,66] 0.91606600000038
16 [66,46,187,75] 0.91606600000038
17 [] 0.91606600000038
18 [153,100,128,51] [88,55,199,80] 1.9383961666669
19 [] 1.9383961666669
20 [46,248,66,26] [45,97,180,72] 2.044660333333
21 [49,18,135,54] 1.0223301666665
22 [97,59,128,51] 0.55715499999981
23 [90,141,149,60] 0.55715499999981
24 [44,36,161,64] 0.55715499999981
25 [56,51,155,62] [49,13,194,78] 1.1143099999996
26 [45,88,146,59] 0.55715499999981
27 [62,74,99,39] 0.94406416666667
28 [32,46,151,60] 0.94406416666667
29 [51,23,155,62] 0.94406416666667
30 [] 0.94406416666667
31 [100,147,79,31] [76,3,112,45] 2.1392920000004
32 [110,242,71,28] [80,58,167,67] 2.3904556666675
33 [73,56,131,52] 1.1952278333338
34 [109,17,108,43] 1.0837166666667
35 [104,261,82,32] [88,36,157,63] 2.1674333333334
36 [75,44,134,53] 1.0837166666667
37 [92,14,121,48] 1.0837166666667
38 [43,32,177,71] 0.81353133333323
39 [59,68,174,70] 0.81353133333323
40 [103,144,67,27] [94,8,137,55] 1.6270626666665
41 [] 1.6270626666665
42 [6,149,64,26] [89,135,106,42] [90,22,141,57] 2.2374073333334
43 [58,87,111,44] [46,176,104,42] 1.4576913333331
44 [81,91,133,53] 0.61575083333325
45 [75,30,125,50] 0.61575083333325
46 [30,43,124,49] 0.61575083333325
47 [25,36,138,55] 0.61575083333325
48 [108,54,72,29] [23,16,161,64] 1.4951955000003
49 [115,135,116,46] [47,31,181,72] 1.7588893333341
50 [73,26,175,70] 1.075095666667
51 [102,87,170,68] 1.075095666667
52 [] 1.075095666667
53 [87,12,115,46] [43,57,176,70] [88,115,123,49] 3.0657575000005
54 [] 1.7430538333332
55 [125,160,109,44] [69,81,183,73] 1.7430538333332
56 [] 1.7430538333332
57 [] 1.7430538333332
58 [87,59,101,40] 0.82748766666676
59 [97,16,132,53] 0.82748766666676
60 [39,25,105,42] 0.74158950000007
61 [64,122,175,70] 0.74158950000007
62 [58,31,164,66] 0.74158950000007
63 [12,63,178,71] 0.74158950000007
64 [42,87,125,50] 0.74158950000007
65 [] 1.5628620000001
66 [62,62,128,51] 1.5628620000001
67 [28,62,175,70] 1.5628620000001
68 [102,80,130,52] 0.99213166666656
69 [75,56,182,73] 0.99213166666656
70 [62,21,120,48] 0.99213166666656
71 [75,105,140,56] 0.92982166666661
72 [94,115,169,68] 0.92982166666661
73 [44,67,162,65] 0.92982166666661
74 [81,67,177,71] 0.92982166666661
75 [] 1.4546610000004
76 [90,15,133,53] 1.4546610000004
77 [69,35,165,66] 1.4546610000004
78 [85,17,128,51] 1.4546610000004
79 [82,174,134,54] [83,11,133,53] 2.5469948333333
80 [87,188,140,56] 1.0923338333329
81 [87,17,149,60] [95,145,190,76] 2.2273104999992
82 [140,28,96,38] 1.1349766666663
83 [111,155,126,51] 1.1349766666663
84 [30,32,107,43] 0.66398933333342
85 [33,5,114,46] [35,82,179,72] 1.3279786666668
86 [66,32,96,38] [77,96,175,70] 1.3279786666668
87 [60,188,134,54] [68,12,135,54] 1.6698266666669
88 [100,185,116,46] [98,30,150,60] 1.6698266666669
89 [105,9,110,44] [110,137,188,75] [86,22,156,62] 2.332997666667
90 [75,15,102,41] [76,133,167,67] 1.4980843333336
91 [84,12,114,46] [84,108,141,56] 1.4980843333336
92 [113,19,113,45] [96,9,172,69] 2.0822134999999
93 [83,119,62,25] [99,171,116,46] [65,94,195,78] 2.8642619999998
94 [52,148,101,41] [39,77,121,48] 1.770509333334
95 [100,213,74,29] [93,32,193,77] 0.85004166666719
96 [82,145,125,50] 0.4250208333336
97 [103,150,53,21] [60,123,104,42] [64,13,127,51] 1.9749996666669
98 [89,166,105,42] [103,36,185,74] [105,132,180,72] 3.3748739999992
99 [56,98,95,38] [58,180,118,47] 1.5076463333341
100 [136,206,51,20] [101,184,85,34] [86,42,124,50] 2.4158166666675
101 [81,17,97,39] [13,212,104,42] 1.8163406666669
102 [88,182,124,50] 0.86385966666664
103 [56,183,83,33] [57,14,174,70] 1.7277193333333
104 [100,161,153,61] [98,19,140,56] [41,94,198,79] 3.1864663333339
105 [118,221,115,46] [129,10,133,53] 2.3226066666672
106 [48,21,115,46] [112,114,153,61] 1.7659989999999
107 [75,143,109,44] [17,7,172,69] 1.6274553333339