0 [72,11,133,53] 0.60447549999999
1 [46,27,97,39] 1.377667124998
2 [123,82,138,55] 1.377667124998
3 [117,52,160,64] 1.377667124998
4 [119,121,118,47] 1.377667124998
5 [75,34,114,45] 1.377667124998
6 [89,73,131,52] 0.85836974999984
7 [74,85,145,58] 0.85836974999984
8 [73,41,138,55] [59,56,181,73] 1.7167394999997
9 [94,56,164,66] 0.85836974999984
10 [72,74,190,76] 1.1504793750028
11 [65,63,179,72] 1.1504793750028
12 [69,22,158,63] 1.1504793750028
13 [] 1.1504793750028
14 [108,12,110,44] [114,67,98,39] 2.1856967499989
15 [85,132,165,66] 1.0928483749994
16 [66,46,187,75] 1.0928483749994
17 [] 1.525302500002
18 [88,55,199,80] 1.525302500002
19 [] 1.525302500002
20 [45,97,180,72] 1.525302500002
21 [] 0.50008999999773
22 [97,59,128,51] 0.50008999999773
23 [90,141,149,60] 0.50008999999773
24 [44,36,161,64] 0.50008999999773
25 [56,51,155,62] [49,13,194,78] 1.0001799999955
26 [45,88,146,59] 0.50008999999773
27 [62,74,99,39] 0.50008999999773
28 [32,46,151,60] 0.50008999999773
29 [51,23,155,62] 1.1220508750012
30 [80,24,121,49] 1.1220508750012
31 [] 1.1220508750012
32 [43,163,57,23] [80,58,167,67] 1.8037665000011
33 [73,56,131,52] 0.68171562499992
34 [109,17,108,43] 0.68171562499992
35 [104,261,82,32] [88,36,157,63] 1.3634312499998
36 [75,44,134,53] 0.68171562499992
37 [] 0.91653000000224
38 [43,32,177,71] 0.91653000000224
39 [59,68,174,70] 0.91653000000224
40 [94,8,137,55] 0.91653000000224
41 [49,116,154,62] 0.92254612499892
42 [89,135,106,42] [90,22,141,57] 1.8450922499978
43 [58,87,111,44] [84,220,64,26] 1.7745348749959
44 [81,91,133,53] 0.85198874999696
45 [75,30,125,50] 0.85198874999696
46 [30,43,124,49] 0.85198874999696
47 [25,36,138,55] 0.85198874999696
48 [] 1.1558052500004
49 [47,31,181,72] 1.1558052500004
50 [73,26,175,70] 1.1558052500004
51 [102,87,170,68] 1.1558052500004
52 [75,153,114,45] 0.95379812499959
53 [43,57,176,70] 0.95379812499959
54 [61,47,166,67] 0.95379812499959
55 [69,81,183,73] 0.91183500000261
56 [] 0.91183500000261
57 [] 0.91183500000261
58 [87,59,101,40] 0.91183500000261
59 [97,16,132,53] 0.91183500000261
60 [39,25,105,42] 0.74554500000158
61 [64,122,175,70] 0.74554500000158
62 [58,31,164,66] 0.74554500000158
63 [57,91,175,70] 0.74554500000158
64 [42,87,125,50] 0.74554500000158
65 [60,34,126,50] 0.74554500000158
66 [62,62,128,51] [43,7,190,76] 2.332054749997
67 [28,62,175,70] 1.1660273749985
68 [] 0.72792800000025
69 [75,56,182,73] 0.72792800000025
70 [62,21,120,48] 0.72792800000025
71 [75,105,140,56] 0.72792800000025
72 [94,115,169,68] 0.72792800000025
73 [44,67,162,65] 0.72792800000025
74 [81,67,177,71] 0.72792800000025
75 [] 0.78184962500018
76 [90,15,133,53] 0.78184962500018
77 [69,35,165,66] 0.78184962500018
78 [87,187,132,53] [85,17,128,51] 1.5636992500004
79 [82,174,134,54] [83,11,133,53] 1.5636992500004
80 [87,188,140,56] [84,15,132,53] 1.8356452500011
81 [87,17,149,60] [95,145,190,76] 2.1075912500019
82 [140,28,96,38] [137,286,126,50] 1.5684328749994
83 [111,155,126,51] 0.51463724999849
84 [30,32,107,43] 0.51463724999849
85 [33,5,114,46] [35,82,179,72] 1.029274499997
86 [66,32,96,38] [77,96,175,70] 1.029274499997
87 [60,188,134,54] [68,12,135,54] 1.3971222499968
88 [100,185,116,46] [98,30,150,60] 1.3971222499968
89 [105,9,110,44] [110,137,188,75] [86,22,156,62] 2.0956833749951
90 [75,15,102,41] [76,133,167,67] 2.8093277500011
91 [84,12,114,46] [84,108,141,56] 2.8093277500011
92 [96,9,172,69] 1.3211630000005
93 [73,20,122,49] [65,94,195,78] 2.6753711249985
94 [93,184,113,45] [96,39,163,65] 2.7084162499959
95 [100,213,74,29] [93,32,193,77] 2.7084162499959
96 [82,145,125,50] [88,9,125,50] 1.3067620000002
97 [60,123,104,42] [64,13,127,51] 1.3067620000002
98 [89,166,105,42] [103,36,185,74] 1.3067620000002
99 [56,98,95,38] [58,180,118,47] [64,50,140,56] 2.6302784999971
100 [101,184,85,34] [86,42,124,50] 1.9362007499985
101 [81,17,97,39] [83,146,120,48] 2.118882499999
102 [88,182,124,50] 1.0594412499995
103 [56,183,83,33] [57,14,174,70] 2.4235660000049
104 [100,161,153,61] [98,19,140,56] 2.4235660000049
105 [118,221,115,46] [129,10,133,53] 1.3016352499981
106 [93,15,96,38] 0.65081762499904
107 [75,143,109,44] [68,16,136,54] 1.208951