0 [72,11,133,53] 0.5128213333333
1 [46,27,97,39] 0.5128213333333
2 [123,82,138,55] 0.5128213333333
3 [117,52,160,64] 0.6027474444446
4 [119,121,118,47] 0.6027474444446
5 [75,34,114,45] 0.6027474444446
6 [89,73,131,52] 0.6027474444446
7 [74,85,145,58] 0.6027474444446
8 [73,41,138,55] [59,56,181,73] 1.6126815555553
9 [94,56,164,66] 0.80634077777763
10 [72,74,190,76] 0.80634077777763
11 [65,63,179,72] 0.80634077777763
12 [] 0.80634077777763
13 [81,133,135,54] 0.73054855555569
14 [] 0.73054855555569
15 [129,36,95,38] 0.73054855555569
16 [66,46,187,75] 0.73316500000025
17 [66,38,193,77] 0.73316500000025
18 [88,55,199,80] 0.56065399999999
19 [59,29,195,78] 0.56065399999999
20 [45,97,180,72] 0.56065399999999
21 [49,18,135,54] 0.56065399999999
22 [97,59,128,51] 0.56065399999999
23 [90,141,149,60] 0.56065399999999
24 [44,36,161,64] 0.56065399999999
25 [56,51,155,62] [49,13,194,78] 0.86411800000011
26 [45,88,146,59] 0.43205900000006
27 [62,74,99,39] 0.43205900000006
28 [32,46,151,60] 0.43205900000006
29 [51,23,155,62] 0.43205900000006
30 [80,24,121,49] 0.43205900000006
31 [76,3,112,45] 0.6157623333331
32 [80,58,167,67] 0.6157623333331
33 [73,56,131,52] 0.6157623333331
34 [109,17,108,43] 0.6157623333331
35 [104,261,82,32] [88,36,157,63] 1.3245467777775
36 [75,44,134,53] 0.70878444444437
37 [] 0.70878444444437
38 [] 0.70878444444437
39 [59,68,174,70] 0.70878444444437
40 [94,8,137,55] 0.70878444444437
41 [49,116,154,62] 0.54411000000012
42 [89,135,106,42] [90,22,141,57] 1.0882200000002
43 [58,87,111,44] 0.53715000000011
44 [81,91,133,53] 0.53715000000011
45 [75,30,125,50] 0.53715000000011
46 [30,43,124,49] 0.53715000000011
47 [25,36,138,55] 0.53715000000011
48 [23,16,161,64] 0.69662999999976
49 [127,172,72,29] [47,31,181,72] 1.3932599999995
50 [73,26,175,70] 0.69662999999976
51 [102,87,170,68] 0.69662999999976
52 [75,153,114,45] 0.65902911111092
53 [43,57,176,70] 0.65902911111092
54 [61,47,166,67] 0.65902911111092
55 [69,81,183,73] 0.32633877777779
56 [60,48,160,64] 0.32633877777779
57 [35,25,132,53] 0.32633877777779
58 [87,59,101,40] 0.32633877777779
59 [97,16,132,53] 0.32633877777779
60 [39,25,105,42] 0.32633877777779
61 [64,122,175,70] 0.32633877777779
62 [58,31,164,66] 0.32633877777779
63 [57,91,175,70] 0.68437855555547
64 [42,87,125,50] 0.68437855555547
65 [] 0.68437855555547
66 [62,62,128,51] [43,7,190,76] 1.3687571111109
67 [28,62,175,70] 0.68437855555547
68 [102,80,130,52] 0.943663888889
69 [75,56,182,73] 0.943663888889
70 [62,21,120,48] 0.943663888889
71 [75,105,140,56] 0.943663888889
72 [13,194,58,23] [94,115,169,68] 1.4870495555555
73 [44,67,162,65] 0.54338566666653
74 [81,67,177,71] 0.54338566666653
75 [] 0.54338566666653
76 [90,15,133,53] 0.54338566666653
77 [69,35,165,66] 0.54338566666653
78 [87,187,132,53] [85,17,128,51] 1.0867713333331
79 [82,174,134,54] [83,11,133,53] 1.1496363333333
80 [87,188,140,56] [84,15,132,53] 1.2125013333336
81 [87,17,149,60] [95,145,190,76] 1.2125013333336
82 [140,28,96,38] [137,286,126,50] 0.76456911111099
83 [111,155,126,51] 0.38228455555549
84 [30,32,107,43] 0.38228455555549
85 [33,5,114,46] [35,82,179,72] 0.76456911111099
86 [66,32,96,38] [77,96,175,70] 0.76456911111099
87 [60,188,134,54] [68,12,135,54] 0.82390088888901
88 [100,185,116,46] [98,30,150,60] 0.82390088888901
89 [105,9,110,44] [110,137,188,75] [86,22,156,62] 1.2358513333335
90 [75,15,102,41] [76,133,167,67] 1.1155066666668
91 [84,12,114,46] [84,108,141,56] 1.4071124444446
92 [92,146,119,48] [113,19,113,45] [96,9,172,69] 1.9835444444446
93 [73,20,122,49] [99,171,116,46] [65,94,195,78] 1.7292960000001
94 [] 3.727852333333
95 [100,213,74,29] 3.727852333333
96 [82,145,125,50] [88,9,125,50] 7.4557046666661
97 [60,123,104,42] [64,13,127,51] 4.7279334444441
98 [89,166,105,42] [103,36,185,74] 2.0001622222222
99 [56,98,95,38] [58,180,118,47] [64,50,140,56] 2.5398797777776
100 [101,184,85,34] [86,42,124,50] 1.0794351111108
101 [81,17,97,39] [83,146,120,48] 1.0794351111108
102 [88,182,124,50] 0.74955322222215
103 [56,183,83,33] [57,14,174,70] 1.4991064444443
104 [100,161,153,61] [98,19,140,56] [101,86,141,56] 2.2486596666665
105 [118,221,115,46] [129,10,133,53] 1.5557735555558
106 [93,15,96,38] [112,114,153,61] 1.2907081111112
107 [75,143,109,44] [68,16,136,54] 1.0256426666666