0: 1 44 23 111 44 60
1: 2 64 145 98 39 81 61 24 101 40 78
2: 1 22 49 111 44 30
3: 2 37 21 90 36 53 34 121 100 40 27
4: 2 43 6 98 39 16 43 104 109 44 17
5: 1 34 38 88 35 38
6: 2 67 3 65 26 16 59 90 101 40 32
7: 2 63 7 77 31 37 66 137 74 29 17
8: 1 47 53 106 42 20
9: 3 29 2 94 38 18 24 51 107 42 14 28 100 102 41 29
10: 2 51 9 74 29 23 46 106 88 35 18
11: 2 45 5 72 28 31 43 104 88 35 46
12: 1 34 24 103 41 44
13: 1 58 40 97 39 34
14: 1 55 78 92 37 25
15: 5 62 207 87 34 27 58 7 97 39 28 56 102 107 43 48 17 28 143 57 29 69 96 143 57 6
16: 2 47 67 97 39 26 72 78 96 38 13
17: 1 74 113 79 32 14
18: 2 105 24 96 38 50 114 268 81 32 13
19: 3 95 256 63 25 13 87 116 86 34 30 84 8 93 37 26
20: 1 31 22 111 44 37
21: 1 53 65 99 40 59
22: 1 56 93 105 42 62
23: 1 53 16 57 23
24: 1 51 104 61 24
25: 1 36 7 97 39 9
26: 1 60 32 104 42 60
27: 2 45 34 105 42 60 60 80 127 51 4
28: 1 12 70 100 40 28
29: 1 48 54 104 42 32
30: 1 32 29 104 41 46
31: 0
32: 2 55 99 103 41 66 59 14 84 33 5
33: 2 59 70 66 26 7 26 45 109 44 42
34: 1 48 25 111 45 49
35: 1 59 94 111 44 67
36: 1 45 12 106 42 32
37: 1 70 110 102 41 41
38: 1 51 40 108 43 41
39: 1 17 31 98 39 32
40: 2 92 87 99 39 54 90 176 104 42 39
41: 1 29 23 106 42 47
42: 1 28 7 99 39 27
43: 1 36 28 66 26
44: 1 51 6 91 36 27
45: 1 50 30 115 46 81
46: 5 78 29 89 35 22 85 142 81 32 16 11 145 86 34 9 99 51 109 44 12 29 85 152 61 37
47: 1 31 5 86 34 33
48: 1 39 11 84 33 17
49: 1 27 17 103 41 56
50: 1 37 22 102 41 70
51: 1 35 25 98 39 59
52: 1 18 39 109 43 65
53: 1 35 41 96 38 81
54: 2 20 24 54 22 11 35 37 98 39 73
55: 2 71 71 70 28 6 24 30 110 44 53
56: 1 33 28 75 29 20
57: 1 53 41 116 47 130
58: 1 36 13 82 33 27
59: 1 70 213 84 33 9
60: 1 45 30 105 42 44
61: 1 44 14 116 46 9
62: 1 30 30 102 41 11
63: 1 34 43 103 41 39
64: 1 50 90 105 42 74
65: 2 39 35 113 45 48 61 34 128 51 10
66: 0
67: 1 24 12 108 43 52
68: 2 59 8 97 39 37 60 116 100 40 54
69: 1 40 28 106 42 108
70: 1 39 6 100 40
71: 1 43 51 83 33 18
72: 1 53 84 78 31 37
73: 1 50 7 109 44 47
74: 2 59 83 115 46 35 87 95 115 46 24
75: 1 49 43 118 47 30
76: 1 56 75 75 30 18
77: 1 12 19 108 43 26
78: 1 35 18 97 39 36
79: 1 43 41 106 42 70
80: 1 60 57 110 44 72
81: 1 61 128 85 34 56
82: 1 61 94 107 43 45
83: 1 34 26 104 42 11
84: 1 41 68 96 38 36
85: 1 53 16 101 40 50
86: 3 73 46 88 35 38 75 162 85 34 12 22 70 173 69 22
87: 1 57 6 92 36
88: 1 73 87 104 42 15
89: 2 51 21 94 38 17 5 12 154 62 7
90: 2 62 88 93 37 75 22 26 138 55 33
91: 1 49 78 83 33 26
92: 1 58 11 98 39 61
93: 1 58 84 90 36 43
94: 1 40 20 111 45 68
95: 1 43 65 118 47 66
96: 1 48 14 103 41 39
97: 1 74 95 107 43 88
98: 4 28 68 62 25 11 53 5 87 34 12 50 111 107 43 42 80 78 111 44 15
99: 1 30 6 76 30
100: 1 33 15 85 34 26
101: 1 16 14 95 38 49
102: 2 57 3 51 20 5 32 10 86 34 29
103: 1 62 85 110 44 14
104: 2 129 89 64 25 8 43 8 109 43 27
105: 3 58 31 107 43 41 63 133 103 41 75 92 49 72 29 17
106: 1 52 76 90 36 63
107: 1 44 25 90 36 46
108: 3 74 118 110 44 36 94 30 128 51 32 49 85 150 60 36
109: 1 49 21 98 39 48
110: 2 56 88 95 38 52 40 145 111 45 7
111: 1 26 5 87 35 26
112: 1 26 23 107 43 21
113: 2 52 87 110 44 101 55 2 92 37 20
114: 1 35 21 81 32 11
115: 2 66 23 66 26 5 59 55 122 49 37
116: 1 49 43 99 39 18
117: 2 81 128 98 39 40 78 8 100 40 35
118: 2 44 94 60 24 12 38 35 93 37 58
119: 1 23 10 86 34 25
120: 1 14 17 101 40 41
121: 1 46 29 105 42 49
122: 1 58 102 91 36 8
123: 1 26 13 101 40 29
124: 2 67 106 54 22 10 24 32 95 38 27
125: 1 38 33 104 42 52
126: 1 30 19 86 34 30
127: 1 30 21 122 49 30
128: 1 35 35 98 39 45
129: 2 130 25 57 22 4 74 124 89 36 14
130: 1 41 38 94 37 34
131: 2 65 62 66 26 16 50 34 111 44 7
132: 3 159 33 62 24 17 80 25 105 42 41 139 20 120 48 16
133: 1 32 40 110 44 27
134: 2 14 28 103 41 16 29 17 120 48 21
135: 2 32 94 57 23 14 43 23 107 43 67
136: 1 25 16 102 41 54
137: 1 41 47 102 41 66
138: 1 39 41 99 40 24
139: 1 40 4 98 39 16
140: 1 62 7 100 40 47
141: 1 29 22 99 40 89
142: 1 42 19 94 38 46
143: 2 53 22 85 34 22 46 120 108 43 32
144: 1 34 10 89 35 37
145: 2 46 52 58 23 6 29 17 113 45 6
146: 1 47 77 93 37 41
147: 1 42 6 109 44 11
148: 1 37 30 103 41 44
149: 1 48 35 89 36 39
150: 2 67 66 112 45 38 45 34 110 44 6
151: 1 39 24 102 41 36
152: 1 38 43 95 38 65
153: 1 35 26 96 38 23
154: 1 42 19 110 44 43
155: 1 30 27 122 49 25
156: 1 36 22 100 40 5
157: 1 35 12 110 44 43
158: 1 34 14 105 42 26
159: 1 78 19 99 40 73
160: 2 68 20 62 25 6 34 67 107 43 50
161: 1 35 23 112 45 69
162: 1 27 54 98 39 65
163: 2 37 37 100 40 31 29 7 124 50 31
164: 1 46 51 99 39 53
165: 3 88 34 74 30 4 54 128 117 47 86 59 29 108 43 38
166: 1 42 30 101 41 54
167: 1 32 22 103 41 85
168: 1 47 49 104 42 31
169: 1 45 31 105 42 31
