0: (46 25)
1: (66 147) (61 25)
2: (22 49)
3: (37 21) (35 123) (62 54)
4: (43 6) (43 104)
5: (34 38)
6: (67 3) (59 90)
7: (63 7) (66 137)
8: (47 53)
9: (29 2) (25 53) (28 100)
10: (51 9) (46 106)
11: (45 5) (43 104)
12: (35 24)
13: (58 40)
14: (55 78)
15: (89 85) (62 207) (58 7) (56 102)
16: (47 67) (72 78)
17: (74 113)
18: (107 25) (114 268)
19: (95 256) (87 116) (84 8)
20: (32 25)
21: (53 66)
22: (57 95)
23:
24:
25: (36 7)
26: (62 34)
27: (46 35)
28: (12 71)
29: (49 55)
30: (33 32)
31:
32: (57 103) (59 14)
33: (59 70) (27 47)
34: (49 28)
35: (61 98)
36: (46 13)
37: (70 111)
38: (51 40)
39: (17 33)
40: (94 88) (94 182)
41: (30 24)
42: (28 7)
43:
44: (51 6)
45: (55 39)
46: (78 29) (85 142) (11 145) (99 51)
47: (31 5)
48: (39 11)
49: (28 19)
50: (38 24)
51: (36 25)
52: (20 42)
53: (36 42)
54: (20 24) (36 40)
55: (71 71) (24 32)
56: (33 28)
57: (56 47)
58: (36 13)
59: (99 60) (70 213)
60: (45 30)
61:
62: (30 30)
63: (88 58) (35 43)
64: (51 92)
65: (43 44)
66: (62 31) (67 132)
67: (25 13)
68: (59 8) (60 116)
69: (41 30)
70:
71: (43 51)
72: (53 84)
73: (51 7)
74: (67 136) (64 88) (89 95)
75: (52 51)
76: (56 75)
77: (13 20)
78: (35 18)
79: (45 43)
80: (62 60)
81: (61 128)
82: (62 96)
83: (34 26)
84: (41 68)
85: (53 16)
86: (73 47) (75 162)
87:
88: (73 87)
89: (51 21)
90: (63 89)
91: (49 78)
92: (59 12)
93: (58 84)
94: (41 21)
95: (48 74)
96: (49 15)
97: (76 100)
98: (28 68) (53 5) (50 115) (80 78)
99:
100: (33 15)
101: (16 14)
102: (57 3) (32 10)
103: (62 85)
104: (129 89) (43 8)
105: (61 35) (64 135) (92 49)
106: (52 77)
107: (44 25)
108: (75 119) (98 28)
109: (49 21)
110: (56 88) (40 145)
111: (26 5)
112: (26 23)
113: (54 94) (55 2)
114: (35 21)
115: (66 23) (73 66) (62 56)
116: (49 43)
117: (81 128) (79 9)
118: (44 94) (40 37)
119: (23 10)
120: (14 17)
121: (46 29)
122: (58 102)
123: (26 13)
124: (67 106) (24 32)
125: (39 33)
126: (30 19)
127: (36 28)
128: (36 36)
129: (130 25) (74 124)
130: (41 38)
131: (65 62) (50 34)
132: (159 33) (84 132) (80 25) (51 93) (140 24)
133: (32 40)
134: (14 28)
135: (32 94) (44 25)
136: (25 17)
137: (42 51)
138: (39 41)
139: (40 4)
140: (64 8)
141: (30 23)
142: (42 19)
143: (53 22) (47 122)
144: (34 10)
145: (46 52)
146: (47 77)
147: (42 6)
148: (38 32)
149: (48 35)
150: (66 64) (45 34)
151: (39 24)
152: (39 44)
153: (36 27)
154: (43 21)
155: (34 11)
156: (36 22)
157: (37 14)
158: (34 14)
159: (79 19)
160: (68 20) (35 70)
161: (38 29)
162: (27 55)
163: (37 37)
164: (46 52)
165: (88 34) (59 137) (60 30)
166: (43 31)
167: (33 23)
168: (47 49)
169: (45 31)
